0.853769
4.23202
8.19506
7.17314
2.2609
10.1023
2.63921
6.67335
6.46267
1.53316
0.604943
2.51954
2.09057
2.04195
0.208556
0.494541
0.00775723
5.33298
0.736795
0.454068
2.48409
0.559292
0.435058
2.5711
1.42348
1.95104
1.31826
1.5548
2.47609
1.92617
0.0906496
0.912765
1.02381
1.73643
0.755041
1.01082
0.128141
1.91262
1.5381
2.45188
2.88467
2.41201
2.5136
3.96293
1.86392
0.305595
1.92256
0.939438
1.58013
0.266779
3.16401
0.18468
5.2482
0.355072
0.914295
3.82693
0.724164
1.19206
0.791632
1.54708
0.396195
2.08495
3.53337
1.77347
1.46687
0.410731
0.66464
0.939472
1.73901
1.39151
1.45389
2.79891
0.476291
0.937253
1.50268
0.288908
1.95503
0.0740462
2.3747
0.386901
0.548064
2.97084
0.754544
0.291391
2.97836
2.02186
0.0328526
2.09771
0.440754
0.5944
0.799716
1.81501
1.05782
0.653695
0.243979
0.787021
3.86391
1.54843
4.27949
0.629014
0.0397022
3.10355
2.11281
0.526556
1.60831
1.15562
0.624002
3.82823
1.34977
3.12604
0.856418
0.700028
7.62758
5.25739
1.46745
2.61024
0.527714
4.21034
0.652007
0.694399
1.90298
1.62818
2.68207
0.023415
1.83699
1.63216
2.62244
3.62876
1.58576
0.543973
0.406347
0.801063
1.13394
3.48251
1.38579
0.00876646
0.0346698
7.21372
1.72008
2.99791
0.279792
2.598
0.432878
1.61157
4.58043
2.48323
2.11041
0.127349
1.61611
0.899208
6.64724
0.290078
1.62023
3.37213
2.34161
5.46692
3.53382
1.32366
1.18241
6.84093
2.3396
0.813961
0.2403
3.26729
3.05782
0.160543
3.08309
1.11013
0.0508989
1.0279
2.33354
0.0740227
3.75546
2.22633
11.0589
0.736893
0.202636
0.956242
0.195462
1.68288
6.68501
0.964427
2.25904
2.09611
4.55346
4.30435
3.30992
0.108418
0.588602
0.742024
0.41362
1.48214
3.65377
0.933368
6.24896
0.844495
1.37469
0.0101199
0.684278
2.46621
1.05526
2.26352
0.365545
0.953055
1.03279
0.135385
1.27293
0.3166
3.61235
2.38631
0.284753
1.14802
1.2692
0.158502
0.322974
2.80059
0.0815341
1.5276
2.46007
0.306157
2.65972
6.00604
2.17575
1.63673
0.0164269
3.43929
1.13615
2.27986
1.2423
2.63657
3.0239
0.710517
1.14749
0.516428
1.77392
8.85527
0.180902
4.73427
0.988702
3.04302
0.320662
4.04531
0.749223
2.52805
0.621316
0.6899
5.68623
5.78237
0.257907
