0.853779
4.24626
8.35985
7.59875
2.69264
11.4298
3.21057
5.90103
7.35382
2.23587
0.435059
2.17996
2.09707
2.05529
0.36947
0.648514
0.0772277
5.05672
0.761211
0.527286
2.50947
0.439931
0.410135
2.84311
1.71422
1.69016
1.52252
1.52322
2.78944
2.49052
0.315004
1.55012
1.22889
2.8396
1.34238
0.477701
0.276826
3.28786
1.87266
1.30141
4.29155
4.16353
4.11213
2.0588
1.21513
0.689459
3.03273
1.96299
2.45665
0.485547
5.11465
0.634553
7.15143
1.07194
2.39311
6.87919
0.110203
0.789962
2.07271
3.33094
1.06588
3.04982
6.60612
0.428562
0.985725
0.421724
0.444218
1.63065
1.34877
1.10179
1.58755
3.18301
0.941999
0.486405
1.209
0.0908298
2.37013
0.188526
1.75914
0.606421
0.609698
3.06582
0.980037
0.521355
2.81609
2.26984
0.0414019
3.02678
0.788635
0.83326
1.47598
1.74513
1.94165
0.574636
0.859019
1.29057
3.62014
1.74117
5.50535
0.441427
0.288472
3.05239
3.03778
1.16942
3.26157
0.527124
1.51583
2.58889
2.03471
2.84556
1.0705
1.22734
8.78812
7.44375
3.01859
4.14155
1.60501
4.44068
2.15413
1.23879
4.31573
4.16158
3.72896
0.764354
3.01681
4.0023
5.83705
8.05014
1.86609
2.18484
1.55537
2.94598
3.58098
2.20537
1.38885
0.409607
0.448191
10.4204
2.06978
5.4026
0.881041
5.12111
0.380459
2.65765
7.35565
4.00561
4.01485
0.284739
4.02533
1.32281
8.82789
0.020293
3.11324
5.25797
5.0294
4.73567
5.27255
3.41852
3.39979
8.41959
4.88403
1.71265
0.778146
6.82537
4.15294
0.862992
3.99047
3.09093
0.32186
1.96625
1.90963
0.0610819
5.67057
3.73832
9.48115
1.32913
0.768942
0.827794
0.0153114
1.32557
7.72812
1.98882
1.77172
1.55424
5.60396
5.12661
2.65285
0.116873
0.70606
0.62947
0.602952
2.11875
4.81604
1.61682
5.04392
0.745819
1.65391
0.105027
0.411873
3.01457
1.36248
2.41046
0.154184
0.667881
1.10931
0.109504
1.27352
0.300133
4.4897
1.69168
0.519223
0.892718
1.17032
0.128605
0.330985
3.09111
0.253017
1.33244
2.88078
0.599869
2.16374
7.25219
2.23238
2.59904
0.256988
3.61394
2.23148
4.30162
3.0488
5.29021
5.69607
0.814468
0.988096
1.68046
0.510362
12.549
0.0538504
8.00738
0.11222
5.68904
1.45779
2.94365
1.20828
4.49011
1.85657
2.01374
4.71846
6.52407
0.533773
