0.853769
4.23202
8.19505
7.1732
2.26097
10.1024
2.63908
6.67154
6.46407
1.53326
0.604937
2.519
2.09066
2.03987
0.207713
0.496277
0.00788132
5.32975
0.73085
0.457254
2.48906
0.558098
0.436365
2.55726
1.3798
1.92519
1.23029
1.58238
2.28963
1.71656
0.0732438
0.700556
0.887128
1.35862
0.60766
1.30446
0.12547
1.59113
1.63759
2.69946
2.65425
2.18827
2.50166
4.17964
1.89658
0.299816
1.86009
0.880066
1.44738
0.303482
2.88959
0.137021
4.86592
0.278752
0.669334
3.20138
1.0158
1.40074
0.59899
1.30052
0.313546
1.98282
3.02961
2.12632
1.55937
0.445455
0.68865
0.89403
1.77065
1.33003
1.31949
2.46635
0.30251
1.20049
1.7133
0.360794
1.84672
0.0624926
2.48915
0.380303
0.538351
2.98128
0.751939
0.29193
2.97426
2.01792
0.0360864
2.08912
0.402894
0.535083
0.685055
1.8287
0.935181
0.760969
0.210008
0.846005
3.74035
1.48754
4.01474
0.697598
0.0135348
3.23014
1.93399
0.523413
1.47259
1.19456
0.521138
3.98743
1.29447
3.16373
0.846612
0.674684
7.3485
4.72004
1.16261
2.27387
0.417071
4.31509
0.411527
0.654117
1.48448
1.2198
2.63987
0.0230811
1.68263
1.30474
2.18887
2.96354
1.62596
0.381857
0.365362
0.571795
0.878734
3.74865
1.47463
0.00171096
0.0211392
6.86272
1.65977
2.61623
0.261557
2.16856
0.589816
1.44343
4.13287
2.23753
1.92023
0.203122
1.29099
0.860385
6.36734
0.435296
1.37593
3.09667
1.99004
5.61277
3.42068
1.06613
0.961285
6.41634
1.96697
0.767605
0.294629
2.74326
3.27245
0.233331
2.8571
0.893537
0.0716953
0.898216
2.45205
0.0922144
3.53527
1.96558
11.4245
0.708061
0.190149
0.967593
0.194207
1.66905
6.72144
0.951585
2.19666
2.13637
4.32298
4.15527
3.45908
0.126314
0.595633
0.7656
0.381879
1.3952
3.33513
0.761054
6.63199
0.897597
1.31822
0.0044243
0.714632
2.42575
1.08424
2.22599
0.389397
0.942834
1.01935
0.124847
1.26409
0.321603
3.44524
2.53496
0.249722
1.19299
1.2747
0.150974
0.337465
2.81059
0.08623
1.52625
2.36874
0.246294
2.78977
5.78603
2.10273
1.42507
0.00199231
3.49901
0.9286
2.00654
0.940551
2.11333
2.46078
0.857221
1.36806
0.369995
2.07839
8.24644
0.304609
4.19008
1.26115
2.65067
0.221447
4.30358
0.712316
2.28273
0.476488
0.525516
5.95704
5.65633
0.265231
