0.853761
4.22147
8.07624
6.8792
1.98839
9.28755
2.35522
7.13724
6.04709
1.24656
0.725927
2.63
1.97193
2.04696
0.153167
0.459587
0.0110305
5.3309
0.764077
0.467849
2.40138
0.636279
0.451623
2.46898
1.32535
2.01229
1.19157
1.61743
2.29575
1.65316
0.0411339
0.682949
0.950027
1.36406
0.588335
1.25116
0.163122
1.57772
1.47223
2.7815
2.65876
2.09115
2.17245
4.42714
1.93407
0.265499
1.80007
0.757924
1.5413
0.258379
2.87753
0.162162
4.80011
0.343069
0.690633
3.22405
0.994036
1.31039
0.608825
1.21938
0.371415
1.92514
2.92622
2.21605
1.58947
0.456674
0.655678
0.909559
1.77678
1.33038
1.28378
2.49351
0.299664
1.20206
1.66862
0.378717
1.83488
0.0805345
2.497
0.342258
0.497362
3.04211
0.730454
0.24402
2.99023
1.80203
0.0829735
1.90567
0.427029
0.57573
0.66893
1.73563
0.812478
0.680615
0.129863
0.683528
3.97658
1.41108
4.14124
0.673943
0.0184721
3.01972
1.97389
0.398668
1.27015
1.37877
0.497922
4.0023
1.30311
2.99574
0.926833
0.60128
7.47327
4.74529
1.10476
2.34637
0.378017
4.27161
0.416404
0.709023
1.47251
1.20352
2.53881
0.00794884
1.77461
1.27896
2.07608
2.86642
1.78457
0.373863
0.37884
0.562638
0.839665
3.73721
1.29314
0.0171122
0.0354953
6.80777
1.74715
2.62053
0.219809
2.16089
0.548964
1.50163
3.997
2.35828
1.80824
0.254288
1.23133
0.930787
6.05677
0.493081
1.50298
3.08521
1.83554
5.80112
3.11522
1.00994
0.821445
6.68176
1.97692
0.731608
0.240715
2.65261
2.87059
0.170977
3.12124
0.892896
0.0758276
0.875502
2.19982
0.153701
3.46539
2.04097
11.2315
0.728683
0.133834
0.959692
0.233934
1.61738
6.33246
0.647524
2.57545
2.20194
4.36611
3.94759
3.65954
0.114779
0.59183
0.770288
0.387969
1.3238
3.36763
0.787163
6.52764
0.830255
1.39309
0.00862241
0.736255
2.30781
0.91964
2.15668
0.492939
0.989657
0.916821
0.177662
1.3149
0.32231
3.31817
2.63156
0.238201
1.18271
1.24369
0.178233
0.346178
2.68376
0.0527271
1.61576
2.32982
0.252016
2.77645
5.68243
2.21928
1.42495
0.00420005
3.33996
0.912716
1.78623
0.909218
2.11082
2.48984
0.815322
1.22132
0.457273
2.10538
8.27728
0.301716
4.216
1.25828
2.64455
0.200117
4.28025
0.762719
2.27872
0.474466
0.524514
5.76102
5.82094
0.217193
