0.853654
4.09147
6.80749
4.30386
0.392024
4.58575
1.7278
8.99795
5.31454
0.570937
1.13301
2.43795
0.879561
2.42189
0.166597
0.422917
0.0303438
4.24677
1.24055
0.639994
2.13115
0.910375
0.437389
1.87385
0.96263
2.04489
0.488222
2.16095
1.52625
0.668229
0.202431
0.163048
0.733889
0.597985
0.243668
1.82856
0.417403
1.11131
1.21033
3.07428
2.75703
1.66431
1.21752
5.37453
1.4475
0.366081
1.77778
0.353159
1.39822
0.436298
2.00069
0.140655
2.95238
0.781842
0.174492
1.42963
2.31171
1.58584
0.429237
0.585835
0.463547
1.26893
1.70615
3.36002
1.30554
0.7276
0.327972
1.22696
1.51038
0.844814
0.497953
1.37265
0.00241504
2.40777
2.11055
0.51847
1.55125
0.25468
2.19028
0.345946
0.165039
3.67988
0.756689
0.0945282
2.86016
0.891226
0.52795
1.37983
0.350459
0.308469
0.233452
1.20724
0.187661
1.05419
0.00584752
0.584298
3.68966
0.491589
4.30945
0.966669
0.0428544
2.68164
1.94355
0.208901
0.646722
1.76303
0.373004
3.82216
1.5984
2.20471
1.45813
0.490318
6.53564
2.76793
0.120041
1.88344
0.318966
5.1081
0.161388
0.901805
0.754485
0.518354
2.06291
0.211006
1.77963
0.645699
0.906534
1.34452
2.47029
0.0467339
0.724303
0.232643
0.324873
4.04094
0.649572
0.30592
0.151451
6.17144
1.50527
1.58451
0.26263
1.03544
1.26501
1.09329
2.12107
2.71469
1.03636
0.992277
0.550625
1.03492
3.74784
1.55765
1.57168
1.95306
0.55041
7.00936
1.46499
0.826364
0.253965
5.74578
1.81162
0.634283
0.435956
1.49538
2.50251
0.377889
3.08746
0.721767
0.0893786
0.445815
1.45059
0.60433
2.9466
1.36288
11.7438
1.01566
0.0595971
0.845121
0.240066
0.985521
5.02053
0.0196895
3.34976
1.69827
4.18221
2.2577
5.3687
0.277682
0.500293
0.969217
0.351297
0.870393
2.74635
0.447549
6.64709
0.687778
1.87535
0.0191943
0.618277
1.65487
0.442288
1.70017
0.982123
0.683707
0.263274
0.627445
1.30684
0.512532
2.58018
3.29397
0.214658
0.995672
0.894093
0.300128
0.455695
2.47316
0.093019
1.70914
1.59505
0.220186
3.32893
4.57458
2.16825
0.961612
0.152806
2.75718
0.574855
0.610617
0.374036
0.979984
1.12191
1.10391
1.2541
0.810884
2.43544
7.32542
0.681522
3.33687
1.93854
1.88635
0.0181758
4.64299
1.00741
1.87801
0.206967
0.201391
5.49077
6.20435
0.0508872
