0.853751
4.20872
7.93626
6.54606
1.70371
8.452
2.11663
7.59409
5.7109
1.02936
0.840117
2.68207
1.8057
2.06985
0.122554
0.444266
0.0213471
5.25012
0.811697
0.496171
2.31536
0.708717
0.463169
2.36799
1.2419
2.05568
1.0656
1.69032
2.1259
1.41573
0.0273918
0.514667
0.899124
1.10295
0.480289
1.43768
0.216229
1.37664
1.42064
2.97809
2.56823
1.9152
1.93666
4.71549
1.91742
0.252812
1.75889
0.643611
1.53941
0.264292
2.68802
0.150009
4.42424
0.37806
0.544224
2.78261
1.24245
1.40724
0.504346
1.00795
0.377994
1.80058
2.52381
2.55154
1.6398
0.496433
0.612768
0.930955
1.77185
1.24359
1.11897
2.22823
0.177763
1.4507
1.80701
0.44712
1.75127
0.0991628
2.53926
0.315149
0.439025
3.1371
0.722599
0.208458
2.98642
1.59806
0.147849
1.78027
0.426867
0.549953
0.56778
1.63341
0.628027
0.724731
0.0683207
0.632341
4.01477
1.24908
4.10278
0.71068
0.015213
2.94476
1.90663
0.325621
1.06181
1.52783
0.432132
4.05582
1.31363
2.84093
1.01934
0.548187
7.35212
4.34287
0.83236
2.19068
0.305852
4.36776
0.287476
0.749307
1.2097
0.953175
2.43895
0.0296967
1.77274
1.06998
1.7283
2.3905
1.97077
0.280468
0.406374
0.440246
0.67735
3.87429
1.18146
0.0476046
0.0533604
6.59152
1.74875
2.36481
0.187183
1.86315
0.667351
1.43101
3.55714
2.3432
1.61763
0.38503
0.996734
0.969689
5.57693
0.681984
1.47685
2.87859
1.48484
6.09147
2.78866
0.843584
0.609842
6.57496
1.79114
0.686758
0.262884
2.27297
2.74985
0.210735
3.16685
0.785525
0.087989
0.761559
2.03913
0.239143
3.2976
1.91616
11.3499
0.75263
0.100928
0.951428
0.249317
1.51616
6.04032
0.428698
2.83426
2.22164
4.25442
3.60344
3.99898
0.126357
0.5943
0.800861
0.370427
1.20103
3.16796
0.691913
6.69294
0.803397
1.4482
0.012652
0.754796
2.17666
0.800928
2.05656
0.610301
0.987478
0.793777
0.235799
1.35397
0.334889
3.10479
2.81448
0.214195
1.18153
1.19655
0.198684
0.371628
2.60083
0.0432931
1.6783
2.21051
0.22188
2.86769
5.43647
2.25205
1.28015
0.00991413
3.23379
0.770231
1.43702
0.709219
1.76847
2.12548
0.902563
1.26005
0.481042
2.31309
7.94069
0.393335
3.91694
1.44632
2.41057
0.136868
4.41843
0.79411
2.1435
0.391806
0.428283
5.75771
5.89222
0.181922
