5.58468
7.62012
16.2181
18.6004
12.0153
30.0946
14.4152
5.76386
12.9214
4.05163
0.818637
1.60826
1.94051
1.95535
0.315023
0.484926
0.0223988
4.90101
0.855041
0.557734
2.33793
0.611902
0.476296
2.52198
1.31532
1.8951
1.15777
1.59931
2.18815
1.64183
0.0737814
0.650941
0.864047
1.31068
0.597424
1.32969
0.125825
1.58122
1.63973
2.6962
2.66339
2.19741
2.5009
4.16077
1.88898
0.305787
1.87627
0.887959
1.45675
0.301358
2.90141
0.137808
4.87128
0.279703
0.670933
3.20313
1.0155
1.40096
0.598246
1.29932
0.313113
1.98208
3.0264
2.12894
1.56051
0.445893
0.689337
0.892923
1.77161
1.33097
1.32017
2.467
0.302682
1.20034
1.7133
0.360816
1.84657
0.0624874
2.48952
0.380252
0.538505
2.98093
0.751933
0.291962
2.97417
2.01807
0.036066
2.08896
0.40283
0.535042
0.685021
1.82871
0.935186
0.760959
0.210017
0.845988
3.74039
1.48756
4.01481
0.697579
0.0135393
3.23011
1.93404
0.523413
1.47261
1.19456
0.521146
3.98742
1.29447
3.16373
0.84661
0.674682
7.34848
4.72002
1.1626
2.27387
0.41707
4.31509
0.411523
0.654117
1.48447
1.21979
2.63987
0.0230813
1.68263
1.30474
2.18886
2.96354
1.62596
0.381858
0.365362
0.571796
0.878735
3.74864
1.47463
0.001711
0.0211393
6.86272
1.65977
2.61623
0.261557
2.16856
0.589816
1.44343
4.13287
2.23753
1.92023
0.203122
1.29099
0.860385
6.36734
0.435296
1.37593
3.09667
1.99004
5.61278
3.42068
1.06613
0.961285
6.41634
1.96697
0.767605
0.294629
2.74326
3.27245
0.233331
2.8571
0.893537
0.0716953
0.898216
2.45205
0.0922144
3.53527
1.96558
11.4245
0.708061
0.190149
0.967593
0.194207
1.66905
6.72144
0.951585
2.19666
2.13637
4.32298
4.15527
3.45908
0.126314
0.595633
0.7656
0.381879
1.3952
3.33513
0.761054
6.63199
0.897597
1.31822
0.0044243
0.714632
2.42575
1.08424
2.22599
0.389397
0.942834
1.01935
0.124847
1.26409
0.321603
3.44524
2.53496
0.249722
1.19299
1.2747
0.150974
0.337465
2.81059
0.08623
1.52625
2.36874
0.246294
2.78977
5.78603
2.10273
1.42507
0.00199231
3.49901
0.9286
2.00654
0.940551
2.11333
2.46078
0.857221
1.36806
0.369995
2.07839
8.24644
0.304609
4.19008
1.26115
2.65067
0.221447
4.30358
0.712316
2.28273
0.476488
0.525516
5.95704
5.65633
0.265231
