0.690957
4.13698
7.55632
6.43472
1.77479
8.91797
2.34661
7.15996
6.0493
1.33209
0.675955
2.57674
2.16265
2.00498
0.202203
0.512919
0.00944023
5.35936
0.727075
0.451694
2.5008
0.553401
0.434983
2.55173
1.37486
1.92476
1.22548
1.58398
2.28278
1.71122
0.072967
0.697761
0.886498
1.35647
0.607522
1.30518
0.125404
1.59153
1.63736
2.6982
2.65581
2.18933
2.50152
4.178
1.89599
0.300266
1.86121
0.880574
1.44793
0.303369
2.89015
0.137048
4.86605
0.278774
0.669314
3.20123
1.01591
1.40086
0.598864
1.30037
0.313497
1.98275
3.02933
2.12653
1.55945
0.445485
0.688691
0.893969
1.7707
1.33007
1.31952
2.46635
0.302508
1.20051
1.71332
0.360806
1.84669
0.0624914
2.48919
0.380298
0.538365
2.98125
0.751939
0.291933
2.97425
2.01792
0.0360853
2.08911
0.402892
0.535082
0.685056
1.8287
0.935183
0.760966
0.210009
0.846002
3.74035
1.48754
4.01475
0.697596
0.0135351
3.23014
1.934
0.523413
1.47259
1.19456
0.521138
3.98743
1.29447
3.16373
0.846611
0.674684
7.34849
4.72004
1.16261
2.27387
0.417071
4.31509
0.411527
0.654117
1.48448
1.2198
2.63987
0.0230811
1.68263
1.30474
2.18887
2.96354
1.62596
0.381857
0.365362
0.571795
0.878734
3.74865
1.47463
0.00171097
0.0211392
6.86272
1.65977
2.61623
0.261557
2.16856
0.589816
1.44343
4.13287
2.23753
1.92023
0.203122
1.29099
0.860385
6.36734
0.435296
1.37593
3.09667
1.99004
5.61277
3.42068
1.06613
0.961285
6.41634
1.96697
0.767605
0.294629
2.74326
3.27245
0.233331
2.8571
0.893537
0.0716953
0.898216
2.45205
0.0922144
3.53527
1.96558
11.4245
0.708061
0.190149
0.967593
0.194207
1.66905
6.72144
0.951585
2.19666
2.13637
4.32298
4.15527
3.45908
0.126314
0.595633
0.7656
0.381879
1.3952
3.33513
0.761054
6.63199
0.897597
1.31822
0.0044243
0.714632
2.42575
1.08424
2.22599
0.389397
0.942834
1.01935
0.124847
1.26409
0.321603
3.44524
2.53496
0.249722
1.19299
1.2747
0.150974
0.337465
2.81059
0.08623
1.52625
2.36874
0.246294
2.78977
5.78603
2.10273
1.42507
0.00199231
3.49901
0.9286
2.00654
0.940551
2.11333
2.46078
0.857221
1.36806
0.369995
2.07839
8.24644
0.304609
4.19008
1.26115
2.65067
0.221447
4.30358
0.712316
2.28273
0.476488
0.525516
5.95704
5.65633
0.265231
