0.850652
2.82418
1.67461
0.374137
0.197668
1.25167
1.48041
2.39769
13.5869
0.690989
1.38809
0.646664
0.492575
1.44334
0.307571
0.368141
0.20735
1.02144
1.4861
0.608218
1.68467
0.912406
0.00164589
0.948932
0.289862
1.09985
0.328156
0.951923
2.1
0.326725
0.426038
0.154153
0.148919
0.355639
0.234542
0.483017
0.766996
0.374755
1.21412
2.34251
2.98005
1.18932e-05
0.512878
4.28021
1.9775
0.733769
0.262887
0.794546
0.180185
0.695014
1.34157
0.350903
0.528124
2.00425
0.281761
0.432505
1.7192
0.00407968
1.5046
0.00870491
0.907156
0.320833
0.73814
2.01325
0.188287
1.50244
0.140777
0.165961
1.21693
0.0516898
0.339978
0.12225
0.31439
0.356434
0.39223
0.408285
0.611671
1.11036
0.582292
1.22951
0.0821791
1.44604
1.71281
0.867364
2.18149
0.068595
1.19172
0.99726
0.19131
0.100599
0.08119
0.451113
0.436429
0.394974
0.307524
0.108925
1.82624
0.518362
1.41988
3.24053
0.248374
0.825909
1.62566
0.892481
0.203365
0.909995
0.71701
1.23098
2.85484
1.53705
1.80684
0.120927
0.787834
0.452831
0.705466
0.594687
0.226508
2.21872
0.908444
0.563688
0.427569
0.117217
1.17258
0.494181
0.782281
0.116842
0.0363982
0.0149573
1.36447
0.422287
0.538362
0.111607
0.00382085
1.89595
0.210761
0.776367
0.032275
0.591355
3.06166
0.662239
0.397911
0.791905
0.850268
0.787441
0.54016
2.86208
0.118227
0.853614
0.946374
0.428437
0.304433
3.79207
1.49593
0.33945
0.110261
3.24152
0.347438
1.1108
0.0246241
1.14919
2.65313
0.515147
0.0221546
1.11949
2.18993
0.251833
1.41749
1.08278
0.286705
0.242242
0.488725
0.789142
0.640783
0.714629
4.74257
10.8521
1.55499
0.724234
0.150048
0.0712599
0.861153
1.3289
0.630444
0.610558
3.76705
0.946822
6.54159
0.924414
1.69636
0.196741
0.506708
0.0717887
0.520332
0.457644
2.34153
2.464
2.25793
1.32614
1.14581
1.31821
0.379792
0.0825491
1.384
0.00402081
0.0667688
0.54026
0.136997
0.886179
0.702081
3.93301
1.12883
0.674635
0.0393119
0.319569
0.023012
1.37489
0.308599
0.634032
0.163283
0.547315
0.592908
4.85478
3.40214
0.119858
0.204425
0.620184
1.0369
0.0982606
0.102888
0.0139325
0.0717942
0.768778
0.0379098
1.38154
0.907111
3.20928
4.08494
0.890794
2.16059
3.1786
0.546638
1.71958
2.30653
1.8586
0.562053
0.122628
1.78634
8.81752
1.23997
