78.1675
31.2095
14.3979
3.70342
3.56407
5.14223
2.32399
0.687577
1.66937
1.59263
1.71666
2.33278
1.98317
5.76375
2.84184
6.92529
5.72907
2.6636
3.37993
1.93583
1.91151
1.34468
1.15568
1.43072
1.37554
12.7754
0.484797
1.42542
2.15487
1.55673
1.82566
1.10285
0.377883
3.45509
0.781987
1.34133
1.24032
2.09243
1.01704
0.705757
3.51004
0.110726
2.22807
0.451141
1.13931
1.36875
7.00582
1.21844
3.29751
5.46171
4.38285
1.84072
4.4776
0.178287
1.03649
0.220606
1.23656
11.2696
0.491547
0.630127
0.873338
11.6782
3.68326
0.703035
1.67524
6.2799
0.703215
5.33355
5.07822
8.87457
1.8371
9.42393
1.31071
1.73334
0.367101
1.87268
1.94995
2.58767
1.28207
1.17682
3.52297
3.78969
1.59017
2.43485
2.81553
4.64816
0.133252
3.11894
0.610895
0.60605
2.52217
2.77001
0.615845
3.91622
3.50779
0.836183
7.86771
2.82648
3.35953
0.942674
2.95313
4.81324
0.809096
1.62418
1.86314
1.98246
1.60573
2.70903
0.49668
1.4804
2.01218
2.22988
0.498661
2.81597
1.22605
0.878431
1.15742
2.25043
1.98903
2.83817
5.37118
6.05987
0.898607
3.52501
4.51298
3.33643
0.263793
4.53862
1.07602
3.49714
2.83851
0.608659
4.82029
1.16855
1.01916
5.914
29.779
3.04277
6.88371
3.72204
3.68084
3.18729
0.977074
0.335114
2.78429
1.6351
0.0680083
1.48943
3.74245
0.261293
5.38421
0.922456
6.02477
1.01165
1.3758
0.70106
1.17578
1.1372
2.23406
1.96539
2.78754
3.68243
2.58791
0.55999
4.50762
1.75936
1.87887
3.84926
7.4334
3.16288
1.36039
1.06543
3.17638
2.13926
5.75489
2.37953
2.62656
1.7126
4.25426
1.68681
1.66449
3.85448
1.55203
0.562423
1.01226
4.42345
0.664825
1.41357
1.23782
5.91642
0.270035
11.3341
4.08778
2.11684
0.580791
1.03125
2.5368
1.69795
3.60014
2.29373
25.9236
1.9668
5.90527
3.55276
0.963712
1.96484
3.11701
2.91707
0.309644
0.205008
9.45601
2.4685
0.884194
1.64793
4.99313
1.55843
4.39243
1.9169
3.53038
7.14996
1.56872
3.94445
3.13075
1.70539
1.96546
2.28401
3.06347
7.56086
3.22316
0.181125
0.191227
0.430812
0.569756
5.87759
7.9601
0.332495
2.39398
0.153807
1.87798
0.53818
1.71208
6.57453
0.652204
7.65159
2.51201
0.906895
1.82762
5.86503
3.90781
