22.1217
5.16858
0.991957
2.52417
1.36557
2.31599
2.42995
0.706581
1.35217
1.99456
1.66308
2.37574
1.68566
5.33741
2.53122
6.76105
5.33648
2.36188
3.13485
1.84371
1.87461
1.43853
1.18281
1.45493
1.39931
13.0125
0.505046
1.38424
2.23918
1.59489
1.77101
1.08981
0.353471
3.49921
0.738621
1.30113
1.29095
2.16169
1.06724
0.726284
3.55247
0.107138
2.26007
0.446368
1.16449
1.38638
7.06466
1.22541
3.32794
5.46312
4.40186
1.8271
4.46429
0.181989
1.03039
0.220441
1.24262
11.2446
0.493716
0.631785
0.868326
11.6567
3.69167
0.703743
1.67303
6.28196
0.702806
5.32637
5.07061
8.87968
1.83704
9.41399
1.31008
1.72976
0.366553
1.87549
1.95
2.58496
1.28327
1.17738
3.5228
3.78808
1.59041
2.43486
2.81581
4.64836
0.133267
3.11893
0.610959
0.606101
2.52221
2.77036
0.615676
3.91602
3.50833
0.83606
7.86813
2.82615
3.35986
0.942591
2.95312
4.81344
0.809089
1.62423
1.86316
1.98239
1.60578
2.70905
0.496677
1.48035
2.01214
2.22981
0.498606
2.81604
1.22607
0.878415
1.15743
2.25033
1.98906
2.83808
5.37123
6.05979
0.898617
3.52504
4.51295
3.33644
0.263789
4.53864
1.07602
3.49716
2.83854
0.608661
4.82031
1.16856
1.01916
5.914
29.779
3.04277
6.88371
3.72203
3.68084
3.18729
0.977074
0.335114
2.78429
1.6351
0.0680082
1.48943
3.74245
0.261293
5.38421
0.922456
6.02477
1.01165
1.3758
0.70106
1.17578
1.1372
2.23406
1.96539
2.78754
3.68243
2.5879
0.55999
4.50762
1.75936
1.87887
3.84926
7.4334
3.16288
1.36039
1.06543
3.17638
2.13926
5.75489
2.37953
2.62656
1.7126
4.25426
1.68681
1.66449
3.85448
1.55203
0.562423
1.01226
4.42345
0.664825
1.41357
1.23782
5.91642
0.270035
11.3341
4.08778
2.11684
0.580791
1.03125
2.5368
1.69795
3.60014
2.29373
25.9236
1.9668
5.90527
3.55276
0.963712
1.96484
3.11701
2.91707
0.309644
0.205008
9.45601
2.4685
0.884194
1.64793
4.99313
1.55843
4.39243
1.9169
3.53038
7.14996
1.56872
3.94445
3.13075
1.70539
1.96546
2.28401
3.06347
7.56086
3.22316
0.181125
0.191227
0.430812
0.569756
5.87759
7.9601
0.332495
2.39398
0.153807
1.87798
0.53818
1.71208
6.57453
0.652204
7.65159
2.51201
0.906895
1.82762
5.86503
3.90781
