24.4748
6.74846
1.37574
2.82942
1.50483
2.56927
2.17799
0.607581
1.07087
2.23168
1.56473
2.44976
1.4026
5.21213
2.44717
6.80382
5.17525
2.31498
2.93612
1.43927
1.89515
1.43441
1.12803
1.34526
1.26192
12.9309
0.510328
1.31539
2.1871
1.56327
1.7711
0.916684
0.384228
3.03423
0.700879
1.19559
1.22368
2.25465
1.09927
0.722376
3.49334
0.123237
2.25122
0.424525
1.13843
1.29584
7.14158
1.2144
3.2824
5.29615
4.46666
1.79377
4.42671
0.199537
0.958484
0.233271
1.14816
10.9169
0.398775
0.741142
0.904004
11.8484
3.65182
0.716682
1.72006
6.22504
0.741643
5.45525
5.06307
8.89821
1.82208
9.3519
1.29713
1.59881
0.318523
1.89094
1.97266
2.37762
1.38796
1.21925
3.49442
3.54483
1.62001
2.22155
2.84074
4.53329
0.144966
2.99736
0.69647
0.623976
2.52946
2.86727
0.575947
3.73539
3.68911
0.71575
7.78362
2.77804
3.35273
0.818961
2.80057
4.62532
0.698759
1.60782
1.8462
1.88225
1.58516
2.35194
0.374542
1.47173
1.77849
2.15985
0.477154
2.6038
1.25922
0.828887
1.14145
2.27122
1.90056
2.88186
5.27976
5.92852
0.909277
3.16348
4.82433
3.29645
0.339073
4.52763
1.16141
3.34685
2.94571
0.63827
4.76485
1.04328
1.10301
5.84519
29.7284
2.96736
6.88662
3.74177
3.33847
3.33437
0.988604
0.318485
2.75236
1.65783
0.0695123
1.31548
3.62421
0.302949
5.3212
0.939822
5.89333
0.953561
1.33241
0.7115
1.16381
0.9655
2.15066
1.89832
2.78238
3.49403
2.50803
0.594253
4.51455
1.61906
1.85796
3.79683
7.40844
3.17692
1.29666
1.07014
3.15178
2.0876
5.76327
2.37658
2.62969
1.69318
4.03797
1.753
1.63394
3.68776
1.60433
0.568543
1.02271
4.37444
0.625762
1.43382
1.22173
5.7032
0.289768
11.3778
4.00358
2.09665
0.509063
1.13314
2.5812
1.65385
3.53918
2.42111
25.9321
1.93438
5.78355
3.07089
0.974464
2.55644
3.73827
3.21923
0.2962
0.227541
9.49009
2.52882
0.903879
1.56843
4.90248
1.45454
4.40557
1.94077
3.25782
6.9047
1.60735
3.50998
3.05663
1.71515
1.89248
2.25289
3.14091
7.36123
3.29806
0.173241
0.187035
0.422889
0.501387
5.80448
7.76925
0.334285
2.06207
0.213744
1.85672
0.436776
1.79452
6.08218
0.756962
7.20762
2.249
0.748628
1.67954
6.02911
3.95551
24.4748
6.74846
1.37574
2.82942
1.50483
2.56927
2.17799
0.607581
1.07087
2.23168
1.56473
2.44976
1.4026
5.21213
2.44717
6.80382
5.17525
2.31498
2.93612
1.43927
1.89515
1.43441
1.12803
1.34526
1.26192
12.9309
0.510328
1.31539
2.1871
1.56327
1.7711
0.916684
0.384228
3.03423
0.700879
1.19559
1.22368
2.25465
1.09927
0.722376
3.49334
0.123237
2.25122
0.424525
1.13843
1.29584
7.14158
1.2144
3.2824
5.29615
4.46666
1.79377
4.42671
0.199537
0.958484
0.233271
1.14816
10.9169
0.398775
0.741142
0.904004
11.8484
3.65182
0.716682
1.72006
6.22504
0.741643
5.45525
5.06307
8.89821
1.82208
9.3519
1.29713
1.59881
0.318523
1.89094
1.97266
2.37762
1.38796
1.21925
3.49442
3.54483
1.62001
2.22155
2.84074
4.53329
0.144966
2.99736
0.69647
0.623976
2.52946
2.86727
0.575947
3.73539
3.68911
0.71575
7.78362
2.77804
3.35273
0.818961
2.80057
4.62532
0.698759
1.60782
1.8462
1.88225
1.58516
2.35194
0.374542
1.47173
1.77849
2.15985
0.477154
2.6038
1.25922
0.828887
1.14145
2.27122
1.90056
2.88186
5.27976
5.92852
0.909277
3.16348
4.82433
3.29645
0.339073
4.52763
1.16141
3.34685
2.94571
0.63827
4.76485
1.04328
1.10301
5.84519
29.7284
2.96736
6.88662
3.74177
3.33847
3.33437
0.988604
0.318485
2.75236
1.65783
0.0695123
1.31548
3.62421
0.302949
5.3212
0.939822
5.89333
0.953561
1.33241
0.7115
1.16381
0.9655
2.15066
1.89832
2.78238
3.49403
2.50803
0.594253
4.51455
1.61906
1.85796
3.79683
7.40844
3.17692
1.29666
1.07014
3.15178
2.0876
5.76327
2.37658
2.62969
1.69318
4.03797
1.753
1.63394
3.68776
1.60433
0.568543
1.02271
4.37444
0.625762
1.43382
1.22173
5.7032
0.289768
11.3778
4.00358
2.09665
0.509063
1.13314
2.5812
1.65385
3.53918
2.42111
25.9321
1.93438
5.78355
3.07089
0.974464
2.55644
3.73827
3.21923
0.2962
0.227541
9.49009
2.52882
0.903879
1.56843
4.90248
1.45454
4.40557
1.94077
3.25782
6.9047
1.60735
3.50998
3.05663
1.71515
1.89248
2.25289
3.14091
7.36123
3.29806
0.173241
0.187035
0.422889
0.501387
5.80448
7.76925
0.334285
2.06207
0.213744
1.85672
0.436776
1.79452
6.08218
0.756962
7.20762
2.249
0.748628
1.67954
6.02911
3.95551
