24.7877
6.89544
1.48373
2.98331
1.63347
2.68699
2.33846
0.443616
1.4332
2.22756
1.68956
2.60913
2.15047
5.08626
2.6311
7.48813
5.1236
2.49348
3.35671
2.86002
1.41079
1.6347
1.23695
1.74594
2.04536
13.4381
0.595107
1.30003
2.72995
1.80483
1.53889
1.61624
0.21827
5.39492
1.07152
1.95191
2.15094
2.25062
1.60892
0.693645
4.77424
0.0307181
2.66573
0.824552
2.32837
3.09614
8.90196
2.97128
5.38024
10.2711
2.2548
3.21698
2.85805
0.568018
1.25068
0.951993
0.897209
14.3126
0.653663
0.494255
1.35851
13.987
1.97216
0.515152
2.51498
5.58895
1.27415
4.75064
5.29572
10.0906
1.36723
9.34118
1.64333
2.23797
0.573232
2.05423
1.73084
3.3784
0.944864
1.26226
3.96193
4.5171
1.44208
3.20788
2.4196
4.40523
0.0251582
3.08068
0.567017
0.678381
2.58385
2.7099
0.598594
4.3793
3.50389
1.33373
8.16977
2.81179
3.97001
0.922844
3.52908
6.44492
1.9841
1.26072
3.09176
2.7393
1.4836
4.57207
1.36218
1.9302
3.72904
3.69979
2.10074
3.22948
0.860544
1.60221
1.37868
3.9372
2.21828
5.33698
4.68945
10.4001
0.589242
4.93659
6.64088
6.48401
1.08364
8.7506
3.14664
7.24829
7.59674
2.27029
9.39893
5.16256
1.17646
5.62038
29.2355
4.99658
7.90651
2.26689
6.0278
4.92837
2.64634
0.411809
2.41982
2.52414
0.587674
2.60791
6.34211
0.772298
7.43617
1.53608
9.09121
2.33729
3.857
1.41188
2.63855
2.65769
3.69062
3.58852
4.64645
6.51184
3.67791
0.402488
4.54122
3.25951
4.5144
4.51843
5.02249
4.57968
3.1988
1.24016
4.40445
4.18657
9.57219
1.01807
3.86594
2.36465
7.9397
1.94863
0.90578
4.16449
1.58817
1.18515
2.19812
3.86163
1.2059
2.23511
0.695662
5.316
0.41983
10.9701
4.65753
3.29115
1.02017
0.889465
2.49482
2.42665
3.3785
2.52821
26.1683
1.51328
9.67839
6.69657
0.072116
1.82949
1.94884
2.30278
0.478835
0.312508
9.83226
2.53875
0.553551
1.62798
5.76174
2.36788
4.33443
1.65851
3.97514
9.24782
1.87036
7.68686
3.88083
2.84482
2.74542
3.80401
1.54864
5.74684
4.18412
0.78861
0.537052
1.24862
1.21074
7.10473
7.57183
0.817875
4.65011
0.714274
3.92736
2.04251
3.01426
5.09137
0.809895
10.4617
2.93775
1.9245
2.5478
7.49658
6.13541
