24.3141
6.67371
1.3248
2.76446
1.46034
2.51875
2.14754
0.648066
0.972166
2.181
1.53919
2.43031
1.28972
5.09556
2.411
6.57369
5.20237
2.28278
2.74255
1.16005
1.97313
1.43421
1.02568
1.27941
1.14513
12.5722
0.533862
1.27074
2.04708
1.43486
1.87223
0.795568
0.421185
2.63129
0.745896
1.16662
1.15403
2.21967
1.01629
0.664591
3.32536
0.160022
2.18114
0.411918
0.968196
1.07819
6.75815
1.05664
2.93115
4.72254
4.81747
1.78032
4.64973
0.213062
0.948542
0.218535
1.12622
10.4528
0.376591
0.852266
0.908033
11.6248
3.87933
0.749866
1.70622
6.23078
0.724981
5.58184
5.01331
8.80352
1.88837
9.316
1.27597
1.49661
0.297532
1.87954
2.01462
2.25567
1.46778
1.2282
3.46013
3.37308
1.64279
1.97849
2.88067
4.41244
0.151264
2.89202
0.779866
0.636384
2.54485
2.91591
0.559562
3.5903
3.73167
0.625585
7.54542
2.81842
3.15666
0.822877
2.56749
4.28475
0.577365
1.57258
1.69462
1.82985
1.56659
1.9465
0.314626
1.38156
1.48211
2.06634
0.371578
2.54237
1.29358
0.742442
1.14289
2.17164
1.8745
2.70719
5.3818
5.47677
1.01976
2.95298
4.75353
2.97185
0.34941
4.05843
1.05623
3.02089
2.49501
0.624887
4.36158
0.757534
1.20922
5.97039
29.6859
2.72426
6.78833
3.93456
2.98873
3.28095
0.880743
0.312921
2.8311
1.60251
0.0528221
1.13583
3.37252
0.307336
5.14411
0.920124
5.5005
0.864706
1.10724
0.70406
1.06175
0.773921
1.95475
1.74052
2.62691
3.15125
2.35737
0.71687
4.57778
1.45433
1.66588
3.79968
7.57096
3.1206
1.15949
1.07124
3.06772
1.90746
5.43348
2.56413
2.55073
1.66382
3.61223
1.81531
1.73923
3.59111
1.61802
0.527049
0.945902
4.40148
0.581198
1.40194
1.25267
5.57544
0.296316
11.4033
3.80241
1.88121
0.411893
1.26821
2.66804
1.53102
3.5294
2.45782
25.9023
1.98226
5.6914
1.64803
0.32919
1.2829
2.56055
2.17384
0.541808
0.18868
9.12374
2.19552
0.782727
1.77483
4.5199
1.35726
4.35542
1.91365
3.0463
6.85145
1.59295
3.18472
3.22298
1.55833
1.65238
2.36972
3.10237
7.04728
3.35601
0.193014
0.172335
0.420357
0.412118
5.72521
7.57524
0.335789
1.69803
0.230783
1.62351
0.287636
1.66334
5.96815
0.809649
6.52489
2.26139
0.654277
1.6319
5.8694
3.65563
