24.608
6.81075
1.42012
2.88853
1.54877
2.617
2.22234
0.557541
1.1852
2.2584
1.59541
2.47556
1.56046
5.28321
2.47478
7.03192
5.15157
2.34099
3.10531
1.80272
1.80276
1.46138
1.21534
1.4634
1.41867
13.1303
0.52071
1.37856
2.26671
1.58511
1.77819
1.07513
0.346552
3.48698
0.746372
1.31192
1.27922
2.14838
1.05633
0.7212
3.55575
0.108781
2.26589
0.447636
1.15546
1.38218
7.04655
1.22491
3.31607
5.46198
4.40528
1.83067
4.46953
0.182089
1.03216
0.220555
1.24446
11.2463
0.493543
0.631053
0.868591
11.6591
3.68832
0.703152
1.67471
6.27974
0.703736
5.32614
5.07131
8.88082
1.83665
9.41477
1.31069
1.73036
0.366585
1.87518
1.94958
2.58543
1.2828
1.17746
3.5232
3.78846
1.59015
2.43473
2.81555
4.64831
0.133262
3.11878
0.610988
0.606044
2.52209
2.77034
0.615748
3.91598
3.50817
0.83608
7.86794
2.82622
3.35973
0.942623
2.95311
4.81341
0.809071
1.62423
1.86312
1.9824
1.60578
2.70903
0.496671
1.48036
2.01215
2.22982
0.498614
2.81604
1.22606
0.878419
1.15743
2.25035
1.98905
2.8381
5.37121
6.05981
0.898613
3.52503
4.51296
3.33644
0.263791
4.53864
1.07602
3.49716
2.83853
0.608661
4.8203
1.16855
1.01916
5.914
29.779
3.04277
6.88371
3.72203
3.68084
3.18729
0.977074
0.335114
2.78429
1.6351
0.0680082
1.48943
3.74245
0.261293
5.38421
0.922456
6.02477
1.01165
1.3758
0.70106
1.17578
1.1372
2.23406
1.96539
2.78754
3.68243
2.5879
0.55999
4.50762
1.75936
1.87887
3.84926
7.4334
3.16288
1.36039
1.06543
3.17638
2.13926
5.75489
2.37953
2.62656
1.7126
4.25426
1.68681
1.66449
3.85448
1.55203
0.562423
1.01226
4.42345
0.664825
1.41357
1.23782
5.91642
0.270035
11.3341
4.08778
2.11684
0.580791
1.03125
2.5368
1.69795
3.60014
2.29373
25.9236
1.9668
5.90527
3.55276
0.963712
1.96484
3.11701
2.91707
0.309644
0.205008
9.45601
2.4685
0.884194
1.64793
4.99313
1.55843
4.39243
1.9169
3.53038
7.14996
1.56872
3.94445
3.13075
1.70539
1.96546
2.28401
3.06347
7.56086
3.22316
0.181125
0.191227
0.430812
0.569756
5.87759
7.9601
0.332495
2.39398
0.153807
1.87798
0.53818
1.71208
6.57453
0.652204
7.65159
2.51201
0.906895
1.82762
5.86503
3.90781
