22.8432
6.01262
0.945634
2.28172
1.21599
2.29178
2.15459
0.754863
0.679138
1.71873
1.40511
2.33348
1.01389
4.37354
2.06692
5.46779
5.33756
2.1241
1.93354
0.511446
2.06596
1.50259
0.601327
1.20579
0.864168
10.7082
0.731941
0.960545
1.5586
0.823636
2.341
0.500532
0.450264
1.40013
0.875026
1.06084
1.10852
2.12971
0.80849
0.448384
2.78315
0.27165
1.99004
0.392427
0.561697
0.592509
5.37264
0.787453
1.86352
3.26047
5.5849
1.68871
4.9359
0.226941
0.85003
0.258221
0.888863
8.13675
0.49204
1.15665
0.969391
10.1372
4.56018
0.905701
1.75879
6.16458
0.757414
5.98005
4.65702
8.67029
1.95638
9.2044
1.25055
1.25556
0.28123
1.67265
2.17105
2.09403
1.649
1.1698
3.34797
2.7336
1.74997
1.16773
2.93066
3.69323
0.177302
2.61666
1.09887
0.72008
2.68055
2.98209
0.52416
3.12099
3.57513
0.412944
6.16862
3.05418
2.28023
1.11972
1.45273
3.30138
0.446871
1.15239
1.33776
1.76561
1.29497
0.888145
0.3366
0.871394
0.78646
2.033
0.216612
2.25585
1.03958
0.555572
0.974416
2.07306
1.72548
2.35695
5.7278
4.23056
1.30029
2.37427
4.5047
2.0406
0.412831
2.69832
0.928957
2.51172
1.48708
0.76245
3.57171
0.290192
1.30787
6.24186
29.1363
2.28394
6.05028
4.29375
1.97108
3.20079
0.681256
0.260759
3.06663
1.4712
0.0356925
0.593834
2.79976
0.280694
4.6807
0.894959
4.36343
0.768488
0.553046
0.779356
0.881635
0.330828
1.07918
1.17587
2.18886
2.15879
1.60321
1.04204
4.75453
1.02518
1.36635
3.83923
7.50379
3.11043
0.920258
0.966873
2.93289
1.35211
4.62389
3.07398
2.35047
1.60514
2.41022
1.80551
2.06069
3.08454
1.40362
0.447867
0.719911
4.309
0.491972
1.38321
1.15427
4.86006
0.43199
10.9944
2.6908
1.19163
0.158138
1.9379
2.97446
1.28716
3.45194
2.59732
25.8248
2.04836
5.14513
1.2687
1.12895
0.874327
2.61244
2.01537
0.692195
0.186875
8.68174
2.02803
0.612382
1.68626
3.54336
1.21872
4.25208
1.69463
2.13879
5.52977
1.94812
1.88349
2.91753
1.68514
1.49511
2.10249
3.46819
6.25646
3.09422
0.172331
0.128791
0.347979
0.204843
4.94751
6.87025
0.437371
0.800674
0.261389
1.11559
0.0579053
1.38179
4.52892
0.979706
4.06238
2.24917
0.506825
1.47422
5.85712
3.07585
