24.608
6.81075
1.42011
2.88859
1.54899
2.61769
2.22189
0.557625
1.18541
2.2586
1.5951
2.47663
1.56085
5.28463
2.47793
7.04838
5.15167
2.35412
3.12887
1.81553
1.77208
1.45072
1.22378
1.44761
1.43353
13.2324
0.507489
1.3384
2.34692
1.68008
1.67733
1.08522
0.333163
3.56965
0.681301
1.26359
1.34907
2.28264
1.21012
0.776891
3.72466
0.0836335
2.3465
0.459531
1.3872
1.62897
7.63209
1.48806
3.76672
6.16886
3.96466
1.87109
4.05724
0.198146
0.956263
0.282353
1.12505
11.4991
0.434602
0.615252
0.923029
12.1243
3.35535
0.673814
1.77395
6.18907
0.785178
5.28545
5.09577
9.05537
1.73481
9.37035
1.3337
1.72999
0.355862
1.90211
1.92305
2.56217
1.28377
1.20501
3.54919
3.75747
1.58888
2.50894
2.77616
4.62128
0.123566
3.10071
0.615773
0.614433
2.52398
2.80963
0.593354
3.90656
3.62203
0.841141
7.98818
2.74372
3.55619
0.843069
3.03073
5.06481
0.909878
1.59166
2.07196
1.98512
1.58775
2.89145
0.512925
1.5574
2.18983
2.35707
0.679448
2.68893
1.15917
0.951444
1.13116
2.46794
1.92561
3.19364
5.13551
6.6163
0.765161
3.46756
4.96761
3.77326
0.355815
5.20066
1.36531
3.89532
3.64053
0.735218
5.42867
1.55625
0.963563
5.68294
29.6868
3.33842
7.00391
3.44896
3.81657
3.47388
1.18232
0.314817
2.64291
1.75662
0.108307
1.56053
4.03435
0.305407
5.60927
0.978633
6.44537
1.12215
1.68863
0.746754
1.33959
1.24694
2.38295
2.13087
3.02225
3.98447
2.68048
0.4526
4.44252
1.86084
2.19496
3.82344
7.07234
3.30444
1.52909
1.05946
3.29729
2.36109
6.29333
2.10209
2.76627
1.74876
4.6573
1.67759
1.47875
3.78933
1.56451
0.63423
1.14904
4.30678
0.695314
1.5034
1.15257
5.79887
0.293956
11.3074
4.19891
2.35755
0.638586
0.999856
2.49075
1.82705
3.54085
2.39781
25.9773
1.85543
5.8545
3.52831
0.969467
2.0354
3.07515
2.97211
0.298283
0.229205
9.55633
2.53542
0.845368
1.57773
5.14836
1.65921
4.33041
1.90659
3.57934
7.47554
1.54883
4.3636
3.16816
1.74059
1.91412
2.43893
2.79609
7.26522
3.35531
0.227442
0.209146
0.501382
0.599566
5.99867
7.84091
0.360172
2.52983
0.207433
2.12598
0.653265
1.91979
6.21364
0.690636
7.9016
2.36685
0.919472
1.79674
6.16607
4.30414
